X(atualizado): A:	  B:  C:
             2 |1   |1   |2
             3 |1   |2   |3
             4 |2   |3   |5
             5 |3   |5   |8
             6 |5   |8   |13
             7 |8   |13  |21
             8 |13  |21  |34
             9 |21  |34  |55
             10|34  |55  |89
             11|55  |89  |144
             12|89  |144 |233
             13|144 |233 |377
             14|233 |377 |610
             15|377 |610 |987
             16|610 |987 |1597
             17|987 |1597|2584
             18|1597|2584|4181
